<Hierarchy>:
	<Frame>: 0 0 Polygonal_spiderling_venom
		<Transform>: 0 0 0 0 0 0 5 5 5 0 0 0 1  
		<TransformMatrix>: 5 0 0 0 0 5 0 0 0 0 5 0 0 0 0 1  
		<Children>: 18
			<Frame>: 1 0 Rig
				<Transform>: -1.095334E-08 1.095334E-08 -0.1321359 0 270 270 1 1 1 0.5000001 -0.5000001 -0.5 0.5  
				<TransformMatrix>: 0 -1 0 0 -1.788139E-07 0 1 0 -1 0 -2.384186E-07 0 -1.095334E-08 1.095334E-08 -0.1321359 1  
				<Children>: 0
			</Frame>
			<Frame>: 2 0 RigButtGizmo
				<Transform>: -3.277794E-08 0.8214171 -0.1553594 5.122642E-06 270 294.5095 1 1 1 0.3824774 -0.5947362 -0.3824773 0.5947361  
				<TransformMatrix>: 0 -0.9098924 0.4148442 0 -1.788139E-07 0.4148442 0.9098924 0 -1 -8.940697E-08 -2.384186E-07 0 -3.277794E-08 0.8214171 -0.1553594 1  
				<Children>: 0
			</Frame>
			<Frame>: 3 0 RigHeadGizmo
				<Transform>: 1.534697E-06 0.5765984 0.08897238 0 270 270 1 1 1 0.5000001 -0.5000001 -0.5 0.5  
				<TransformMatrix>: 0 -1 0 0 -1.788139E-07 0 1 0 -1 0 -2.384186E-07 0 1.534697E-06 0.5765984 0.08897238 1  
				<Children>: 0
			</Frame>
			<Frame>: 4 0 RigLLegBackPlatform
				<Transform>: -0.4626123 2.846361E-08 -0.7143072 0 270 270 1 1 1 0.5000001 -0.5000001 -0.5 0.5  
				<TransformMatrix>: 0 -1 0 0 -1.788139E-07 0 1 0 -1 0 -2.384186E-07 0 -0.4626123 2.846361E-08 -0.7143072 1  
				<Children>: 0
			</Frame>
			<Frame>: 5 0 RigLLegCtrPlatform
				<Transform>: -0.7572254 2.846362E-08 -0.3772262 0 270 270 1 1 1 0.5000001 -0.5000001 -0.5 0.5  
				<TransformMatrix>: 0 -1 0 0 -1.788139E-07 0 1 0 -1 0 -2.384186E-07 0 -0.7572254 2.846362E-08 -0.3772262 1  
				<Children>: 0
			</Frame>
			<Frame>: 6 0 RigLLegFrontPlatform
				<Transform>: -0.5534533 2.846361E-08 0.5480048 0 270 270 1 1 1 0.5000001 -0.5000001 -0.5 0.5  
				<TransformMatrix>: 0 -1 0 0 -1.788139E-07 0 1 0 -1 0 -2.384186E-07 0 -0.5534533 2.846361E-08 0.5480048 1  
				<Children>: 0
			</Frame>
			<Frame>: 7 0 RigLLegMidPlatform
				<Transform>: -0.7921077 2.846362E-08 0.1458226 0 270 270 1 1 1 0.5000001 -0.5000001 -0.5 0.5  
				<TransformMatrix>: 0 -1 0 0 -1.788139E-07 0 1 0 -1 0 -2.384186E-07 0 -0.7921077 2.846362E-08 0.1458226 1  
				<Children>: 0
			</Frame>
			<Frame>: 8 0 RigMouthL01Gizmo
				<Transform>: -0.04149596 0.5483661 0.1200322 1.152594E-05 259.9696 173.1475 1 1 1 0.7648455 0.04579218 -0.6414355 -0.03840335  
				<TransformMatrix>: 0.1729271 0.1193144 -0.977681 0 0.02078134 -0.9928563 -0.1174907 0 -0.9847153 -2.011657E-07 -0.1741712 0 -0.04149596 0.5483661 0.1200322 1  
				<Children>: 0
			</Frame>
			<Frame>: 9 0 RigMouthL02Gizmo
				<Transform>: -0.04777554 0.5440333 0.1555353 1.088561E-05 298.2506 173.1475 1 1 1 -0.5122448 -0.03066872 0.8567576 0.05129494  
				<TransformMatrix>: -0.4699482 0.1193144 -0.8745929 0 -0.05647488 -0.9928565 -0.1051024 0 -0.8808855 -1.899898E-07 0.4733295 0 -0.04777554 0.5440333 0.1555353 1  
				<Children>: 0
			</Frame>
			<Frame>: 10 0 RigMouthR01Gizmo
				<Transform>: 0.04149902 0.5483661 0.1200322 -1.088561E-05 280.0304 173.1475 1 1 1 -0.6414356 -0.03840336 0.7648455 0.04579218  
				<TransformMatrix>: -0.1729269 0.1193144 -0.9776812 0 -0.02078131 -0.9928566 -0.1174907 0 -0.9847155 1.899898E-07 0.174171 0 0.04149902 0.5483661 0.1200322 1  
				<Children>: 0
			</Frame>
			<Frame>: 11 0 RigMouthR02Gizmo
				<Transform>: 0.0477786 0.5440333 0.1555353 -1.195283E-05 241.7493 173.1475 1 1 1 0.8567576 0.05129495 -0.5122446 -0.03066873  
				<TransformMatrix>: 0.4699485 0.1193144 -0.8745927 0 0.05647489 -0.9928565 -0.1051024 0 -0.8808853 2.086163E-07 -0.4733297 0 0.0477786 0.5440333 0.1555353 1  
				<Children>: 0
			</Frame>
			<Frame>: 12 0 RigRibcage
				<Transform>: -6.255309E-09 0.6024259 -0.02465864 -6.830189E-06 270 235.2382 1 1 1 0.6265315 -0.3278084 -0.6265314 0.3278083  
				<TransformMatrix>: 0 -0.8215292 -0.5701667 0 -1.78814E-07 -0.5701666 0.8215292 0 -0.9999999 1.192093E-07 -1.192093E-07 0 -6.255309E-09 0.6024259 -0.02465864 1  
				<Children>: 10
					<Frame>: 13 0 RigLLegBack1
						<Transform>: 0.06232765 -0.0267173 0.02240744 357.6508 141.7441 26.89771 1 1 1 0.2131575 0.9202502 0.09503059 0.3141221  
						<TransformMatrix>: -0.7117825 0.4520189 -0.5376289 0 0.332614 0.8910663 0.3088188 0 0.6186548 0.04098891 -0.784593 0 0.06232765 -0.0267173 0.02240744 1  
						<Children>: 1
							<Frame>: 14 0 RigLLegBack2
								<Transform>: -0.09093904 0 -1.907349E-08 13.45211 332.306 45.48772 1.000001 0.9999982 1.000001 0.01298486 -0.2631665 0.3986443 0.8784404  
								<TransformMatrix>: 0.543653 0.6935372 0.4727055 0 -0.7072036 0.6818269 -0.1870065 0 -0.4519998 -0.2326327 0.8611501 0 -0.09093904 0 -1.907349E-08 1  
								<Children>: 1
									<Frame>: 15 0 RigLLegBack3
										<Transform>: -0.4195335 0 -1.907349E-08 29.83551 31.74083 285.0341 0.9999995 1 0.9999999 0.03569458 0.360371 -0.6214652 0.6947227  
										<TransformMatrix>: -0.03217243 -0.837765 -0.5450815 0 0.8892188 0.2250139 -0.3983205 0 0.4563499 -0.4975117 0.7377172 0 -0.4195335 0 -1.907349E-08 1  
										<Children>: 1
											<Frame>: 16 0 RigLLegBack4
												<Transform>: -0.4960547 -3.509521E-06 -2.326965E-06 353.8798 12.98135 339.5235 1 1 1 -0.07226062 0.1016553 -0.1704118 0.9774479  
												<TransformMatrix>: 0.9212525 -0.3478288 -0.1740975 0 0.3184459 0.9314765 -0.1759085 0 0.2233537 0.1066155 0.9688894 0 -0.4960547 -3.509521E-06 -2.326965E-06 1  
												<Children>: 1
													<Frame>: 17 0 RigLLegBackAnkle
														<Transform>: -0.2833303 0 0 10.61582 5.690697 345.4982 1.000005 0.9999958 0.9999992 0.0854167 0.06069364 -0.1300739 0.9859518  
														<TransformMatrix>: 0.9587986 -0.2461259 -0.1419036 0 0.2668606 0.9515655 0.1526435 0 0.09746096 -0.1842227 0.9780397 0 -0.2833303 0 0 1  
														<Children>: 0
													</Frame>
											</Frame>
									</Frame>
							</Frame>
					</Frame>
					<Frame>: 18 0 RigLLegCtr1
						<Transform>: 0.05731079 -0.008704986 0.03921276 346.8817 114.1899 10.61295 0.9999999 0.9999999 1 0.01534937 0.8362411 0.1454047 0.5285099  
						<TransformMatrix>: -0.4408835 0.1793672 -0.8794596 0 -0.1280241 0.9572436 0.2594114 0 0.8883872 0.2269622 -0.3990697 0 0.05731079 -0.008704986 0.03921276 1  
						<Children>: 1
							<Frame>: 19 0 RigLLegCtr2
								<Transform>: -0.1104561 0 0 358.6798 308.8201 19.89159 1 1 0.9999998 -0.08483009 -0.4236138 0.1508629 0.8891544  
								<TransformMatrix>: 0.5955836 0.3401513 0.7277207 0 -0.1964106 0.9400887 -0.2786694 0 -0.7789114 0.02303886 0.6267103 0 -0.1104561 0 0 1  
								<Children>: 1
									<Frame>: 20 0 RigLLegCtr3
										<Transform>: -0.4267915 -1.907349E-08 3.814697E-08 30.00962 83.77597 341.1096 1.000001 0.9999983 1.000001 0.08429295 0.6677976 -0.2885203 0.6809531  
										<TransformMatrix>: -0.05839533 -0.2803567 -0.9581192 0 0.505518 0.8193 -0.2705468 0 0.8608379 -0.5001459 0.09388217 0 -0.4267915 -1.907349E-08 3.814697E-08 1  
										<Children>: 1
											<Frame>: 21 0 RigLLegCtr4
												<Transform>: -0.4647692 0 0 13.52893 15.83364 349.0559 0.9999993 1.000001 0.9999996 0.1030907 0.1472784 -0.1099437 0.9775448  
												<TransformMatrix>: 0.9324423 -0.1845835 -0.3106107 0 0.2453161 0.9545705 0.1691672 0 0.265274 -0.2339362 0.9353623 0 -0.4647692 0 0 1  
												<Children>: 1
													<Frame>: 22 0 RigLLegCtrAnkle
														<Transform>: -0.2954195 -3.814697E-08 -3.814697E-08 287.5113 182.5313 190.9047 0.9999983 0.9999987 1.000003 -0.8014172 0.08961368 0.07389745 0.5867189  
														<TransformMatrix>: 0.9730154 -0.05692172 -0.2236011 0 -0.2303497 -0.2954603 -0.9271677 0 -0.01328933 0.9536605 -0.3006011 0 -0.2954195 -3.814697E-08 -3.814697E-08 1  
														<Children>: 0
													</Frame>
											</Frame>
									</Frame>
							</Frame>
					</Frame>
					<Frame>: 23 0 RigLLegFront1
						<Transform>: 0.0308403 0.05042406 0.0358421 303.119 169.8866 253.7197 1 0.9999999 1 0.7259845 -0.4918248 -0.2225572 -0.4260555  
						<TransformMatrix>: 0.4171534 -0.5244709 -0.7422355 0 -0.9037577 -0.1531705 -0.399701 0 0.09594309 0.8375377 -0.5378903 0 0.0308403 0.05042406 0.0358421 1  
						<Children>: 1
							<Frame>: 24 0 RigLLegFront2
								<Transform>: -0.08171909 0 0 346.8568 352.9104 330.9357 1 0.9999999 1 -0.09515878 -0.08811919 -0.255647 0.9580315  
								<TransformMatrix>: 0.8537593 -0.4730651 0.217496 0 0.5066063 0.8511788 -0.1372754 0 -0.1201878 0.2273851 0.9663597 0 -0.08171909 0 0 1  
								<Children>: 1
									<Frame>: 25 0 RigLLegFront3
										<Transform>: -0.4176887 3.814697E-08 0 339.5066 32.86258 76.54169 1 0.9999999 1 0.03845285 0.3242131 0.6241132 0.7098522  
										<TransformMatrix>: 0.01073718 0.9109903 -0.412289 0 -0.8611223 0.2180082 0.459283 0 0.5082846 0.3500997 0.7868145 0 -0.4176887 3.814697E-08 0 1  
										<Children>: 1
											<Frame>: 26 0 RigLLegFront4
												<Transform>: -0.4553246 -4.524231E-05 1.735687E-05 331.4327 0.2330776 20.60664 0.9999998 1 1 -0.2423912 0.04606785 0.1738233 0.9533676  
												<TransformMatrix>: 0.9353262 0.3091021 -0.1721056 0 -0.353768 0.822064 -0.4461605 0 0.003572711 0.4781912 0.8782488 0 -0.4553246 -4.524231E-05 1.735687E-05 1  
												<Children>: 1
													<Frame>: 27 0 RigLLegFrontAnkle
														<Transform>: -0.2915422 0 -1.907349E-08 10.86656 0.5273548 10.10347 1 1 0.9999999 0.09472119 -0.003774005 0.08722457 0.991668  
														<TransformMatrix>: 0.9847555 0.1722807 0.02400916 0 -0.1737106 0.9668396 0.1872056 0 0.009038908 -0.1885223 0.9820272 0 -0.2915422 0 -1.907349E-08 1  
														<Children>: 0
													</Frame>
											</Frame>
									</Frame>
							</Frame>
					</Frame>
					<Frame>: 28 0 RigLLegMid1
						<Transform>: 0.03780396 0.01032742 0.03460749 319.7495 117.9088 329.447 1 0.9999998 1 -0.3831293 0.7292678 0.1567873 0.5447918  
						<TransformMatrix>: -0.1128277 -0.3879748 -0.9147379 0 -0.7296405 0.6572592 -0.1887714 0 0.6744587 0.6461315 -0.3572393 0 0.03780396 0.01032742 0.03460749 1  
						<Children>: 1
							<Frame>: 29 0 RigLLegMid2
								<Transform>: -0.1033164 -9.536743E-09 0 355.3886 303.8938 349.5917 1.000001 1 0.9999997 0.007264633 -0.4711925 -0.09882553 0.8764465  
								<TransformMatrix>: 0.5364225 -0.1800768 0.8245147 0 0.1663845 0.9803616 0.1058658 0 -0.8273857 0.08039756 0.5558494 0 -0.1033164 -9.536743E-09 0 1  
								<Children>: 1
									<Frame>: 30 0 RigLLegMid3
										<Transform>: -0.4227058 -9.536743E-09 0 346.6516 95.46246 13.72691 1.000001 0.9999996 0.9999992 0.01022021 0.7390578 0.1652235 0.6529857  
										<TransformMatrix>: -0.1470108 0.2308841 -0.9618124 0 -0.2006704 0.9451932 0.2575666 0 0.9685648 0.2308719 -0.09262173 0 -0.4227058 -9.536743E-09 0 1  
										<Children>: 1
											<Frame>: 31 0 RigLLegMid4
												<Transform>: -0.4608809 0 0 357.5205 9.040916 2.074642 0.9999975 1.000001 1.000001 -0.02013829 0.07917415 0.01974807 0.9964617  
												<TransformMatrix>: 0.9866805 0.03616743 -0.158583 0 -0.0425453 0.9984101 -0.03700705 0 0.1569928 0.04326119 0.9866527 0 -0.4608809 0 0 1  
												<Children>: 1
													<Frame>: 32 0 RigLLegMidAnkle
														<Transform>: -0.3076034 9.536743E-09 0 274.7071 277.3436 100.7587 1.000005 0.9999959 0.9999986 -0.6985783 0.08212085 0.1401706 0.6968477  
														<TransformMatrix>: 0.9472217 0.0806199 -0.3102934 0 -0.3100896 -0.01531881 -0.9505796 0 -0.08138872 0.9966258 0.01048903 0 -0.3076034 9.536743E-09 0 1  
														<Children>: 0
													</Frame>
											</Frame>
									</Frame>
							</Frame>
					</Frame>
					<Frame>: 33 0 RigNeck
						<Transform>: 0 0 0 -0.0005733935 -0.0006252014 291.9565 1 1 1 -1.094655E-06 -7.321662E-06 -0.5595075 0.8288253  
						<TransformMatrix>: 0.3739028 -0.9274681 1.336169E-05 0 0.9274681 0.3739028 6.378496E-06 0 -1.091182E-05 1.000761E-05 1 0 0 0 0 1  
						<Children>: 1
							<Frame>: 34 0 RigHead
								<Transform>: -0.1165292 3.814697E-08 -1.455191E-13 -0.0003721047 0.0007661004 102.8054 0.9999998 0.9999999 0.9999999 3.19928E-06 6.708563E-06 0.7815496 0.6238431  
								<TransformMatrix>: -0.2216395 0.9751285 -3.36939E-06 0 -0.9751285 -0.2216395 1.447785E-05 0 1.337097E-05 6.494452E-06 0.9999999 0 -0.1165292 3.814697E-08 -1.455191E-13 1  
								<Children>: 2
									<Frame>: 35 0 RigMouthL01
										<Transform>: 0.02823238 0.03105985 0.04149749 10.03043 1.040431E-05 263.1475 1 1 1 0.05801058 0.06539939 -0.7452384 0.6610427  
										<TransformMatrix>: -0.1193147 -0.9776811 -0.172927 0 0.9928566 -0.1174909 -0.02078133 0 1.788139E-07 -0.1741712 0.9847154 0 0.02823238 0.03105985 0.04149749 1  
										<Children>: 1
											<Frame>: 36 0 RigMouthL02
												<Transform>: -0.0363135 3.814697E-08 0 4.239034 321.9185 358.5364 1 0.9999999 1 0.03912158 -0.3255441 -6.123464E-08 0.9447172  
												<TransformMatrix>: 0.788042 -0.02547172 0.6150943 0 -0.02547148 0.9969389 0.07391768 0 -0.6150944 -0.07391762 0.7849811 0 -0.0363135 3.814697E-08 0 1  
												<Children>: 0
											</Frame>
									</Frame>
									<Frame>: 37 0 RigMouthR01
										<Transform>: 0.02823238 0.03105984 -0.04149749 349.9696 -9.970798E-06 263.1475 1 1 1 -0.05801058 -0.06539939 -0.7452384 0.6610427  
										<TransformMatrix>: -0.1193147 -0.977681 0.172927 0 0.9928565 -0.1174909 0.02078134 0 -1.713634E-07 0.1741712 0.9847154 0 0.02823238 0.03105984 -0.04149749 1  
										<Children>: 1
											<Frame>: 38 0 RigMouthR02
												<Transform>: -0.03631348 3.814697E-08 2.384186E-09 355.761 38.08149 358.5364 1 0.9999999 1 -0.03912158 0.3255441 -7.915525E-08 0.9447172  
												<TransformMatrix>: 0.788042 -0.02547175 -0.6150943 0 -0.02547145 0.9969389 -0.07391769 0 0.6150943 0.0739176 0.784981 0 -0.03631348 3.814697E-08 2.384186E-09 1  
												<Children>: 0
											</Frame>
									</Frame>
							</Frame>
					</Frame>
					<Frame>: 39 0 RigRLegBack1
						<Transform>: 0.06232769 -0.02671726 -0.02240743 2.349246 218.256 26.89766 0.9999999 1 1 0.2131567 0.92025 -0.09503145 -0.3141228  
						<TransformMatrix>: -0.711782 0.452018 0.5376298 0 0.3326119 0.8910667 -0.3088202 0 -0.6186562 -0.04099059 -0.7845917 0 0.06232769 -0.02671726 -0.02240743 1  
						<Children>: 1
							<Frame>: 40 0 RigRLegBack2
								<Transform>: -0.09093904 -3.814697E-08 1.907349E-08 346.5477 27.69394 45.4877 0.9999988 1.000002 0.9999991 -0.01298698 0.2631664 0.3986444 0.8784403  
								<TransformMatrix>: 0.5436515 0.6935344 -0.4727057 0 -0.7072076 0.6818293 0.1870034 0 0.4519971 0.232636 0.8611488 0 -0.09093904 -3.814697E-08 1.907349E-08 1  
								<Children>: 1
									<Frame>: 41 0 RigRLegBack3
										<Transform>: -0.4195336 -1.907349E-08 1.907349E-08 330.1646 328.2596 285.0347 1.000001 0.9999997 1 -0.03569807 -0.360368 -0.6214615 0.6947275  
										<TransformMatrix>: -0.03215887 -0.8377644 0.5450854 0 0.8892213 0.2250225 0.3983086 0 -0.4563452 0.4975106 0.7377214 0 -0.4195336 -1.907349E-08 1.907349E-08 1  
										<Children>: 1
											<Frame>: 42 0 RigRLegBack4
												<Transform>: -0.4960548 -3.509521E-06 2.365112E-06 6.120154 347.0187 339.5234 1 0.9999998 1 0.07225984 -0.1016548 -0.1704131 0.9774478  
												<TransformMatrix>: 0.9212514 -0.3478309 0.1740965 0 0.3184486 0.9314756 0.175907 0 -0.2233527 -0.1066139 0.9688899 0 -0.4960548 -3.509521E-06 2.365112E-06 1  
												<Children>: 1
													<Frame>: 43 0 RigRLegBackAnkle
														<Transform>: -0.2833302 7.629394E-08 -3.814697E-08 349.381 354.2966 345.4745 0.9999931 1.000006 1.000001 -0.08541696 -0.06082429 -0.1302879 0.9859155  
														<TransformMatrix>: 0.9586443 -0.2465131 0.1421918 0 0.2672981 0.9514638 -0.1525794 0 -0.0976777 0.1842773 0.9780094 0 -0.2833302 7.629394E-08 -3.814697E-08 1  
														<Children>: 0
													</Frame>
											</Frame>
									</Frame>
							</Frame>
					</Frame>
					<Frame>: 44 0 RigRLegCtr1
						<Transform>: 0.05731083 -0.008704986 -0.03921276 13.11629 245.8028 10.62154 1 1 0.9999999 -0.01543078 -0.836274 0.145429 0.5284487  
						<TransformMatrix>: -0.4410077 0.1795123 0.8793678 0 -0.1278948 0.9572246 -0.2595458 0 -0.8883439 -0.2269282 -0.3991847 0 0.05731083 -0.008704986 -0.03921276 1  
						<Children>: 1
							<Frame>: 45 0 RigRLegCtr2
								<Transform>: -0.1104561 0 0 1.319667 51.18138 19.89218 1 0.9999995 1.000001 0.08483045 0.4236253 0.1508682 0.8891481  
								<TransformMatrix>: 0.595561 0.3401611 -0.727735 0 -0.1964155 0.9400847 0.2786767 0 0.7789282 -0.0230305 0.6266911 0 -0.1104561 0 0 1  
								<Children>: 1
									<Frame>: 46 0 RigRLegCtr3
										<Transform>: -0.4267916 0 0 330.0032 276.2267 341.0969 0.999999 1.000002 0.9999996 -0.08414316 -0.6677967 -0.2885259 0.6809701  
										<TransformMatrix>: -0.05839926 -0.2805736 0.9580532 0 0.5053369 0.8193468 0.2707558 0 -0.8609439 0.499951 0.09393486 0 -0.4267916 0 0 1  
										<Children>: 1
											<Frame>: 47 0 RigRLegCtr4
												<Transform>: -0.4647692 0 7.629394E-08 346.4715 344.1672 349.0546 1.000001 0.999999 1 -0.103086 -0.1472723 -0.1099532 0.9775451  
												<TransformMatrix>: 0.9324433 -0.1846052 0.3106002 0 0.2453316 0.9545662 -0.1691561 0 -0.2652614 0.2339286 0.9353685 0 -0.4647692 0 7.629394E-08 1  
												<Children>: 1
													<Frame>: 48 0 RigRLegCtrAnkle
														<Transform>: -0.2954195 0 0 72.50312 177.4391 190.8799 1.000001 1.000001 0.9999977 0.8013433 -0.08958704 0.07398543 0.5868129  
														<TransformMatrix>: 0.9730014 -0.05674879 0.2237173 0 -0.2304114 -0.2952501 0.927222 0 0.01343376 -0.9537311 -0.300353 0 -0.2954195 0 0 1  
														<Children>: 0
													</Frame>
											</Frame>
									</Frame>
							</Frame>
					</Frame>
					<Frame>: 49 0 RigRLegFront1
						<Transform>: 0.03084038 0.05042406 -0.03584209 56.88195 190.1141 253.7208 1 1 0.9999999 0.7259782 -0.4918265 0.2225617 0.4260617  
						<TransformMatrix>: 0.4171459 -0.5244606 0.7422469 0 -0.9037609 -0.1531562 0.3996996 0 -0.09594702 -0.8375465 -0.5378754 0 0.03084038 0.05042406 -0.03584209 1  
						<Children>: 1
							<Frame>: 50 0 RigRLegFront2
								<Transform>: -0.08171907 0 0 13.44258 7.64674 331.2888 0.9999999 1 1 0.09671375 0.09310895 -0.2532474 0.9580412  
								<TransformMatrix>: 0.8543929 -0.4672329 -0.2273894 0 0.5032526 0.8530245 0.1381523 0 0.1294194 -0.2324707 0.9639544 0 -0.08171907 0 0 1  
								<Children>: 1
									<Frame>: 51 0 RigRLegFront3
										<Transform>: -0.4171663 -3.814697E-08 -3.814697E-08 20.37757 326.0456 76.05658 1.000002 1.000001 0.9999979 -0.04377769 -0.3306017 0.6205978 0.7096791  
										<TransformMatrix>: 0.01112171 0.909798 0.4149062 0 -0.8519052 0.2258838 -0.4724779 0 -0.5235777 -0.3482044 0.7775704 0 -0.4171663 -3.814697E-08 -3.814697E-08 1  
										<Children>: 1
											<Frame>: 52 0 RigRLegFront4
												<Transform>: -0.4557214 -4.516602E-05 -1.735687E-05 29.21766 359.2126 20.40135 0.9999978 1 1.000002 0.2470484 -0.05120992 0.1730725 0.9520454  
												<TransformMatrix>: 0.9348449 0.3042424 0.1830225 0 -0.3548484 0.818026 0.4526765 0 -0.01199381 -0.4881298 0.8726912 0 -0.4557214 -4.516602E-05 -1.735687E-05 1  
												<Children>: 1
													<Frame>: 53 0 RigRLegFrontAnkle
														<Transform>: -0.2915424 0 2.384186E-08 349.0897 0.1668446 10.13753 0.9999973 1.000004 0.9999988 -0.09456676 0.009842988 0.08808894 0.9915648  
														<TransformMatrix>: 0.9842842 0.1728297 -0.03618039 0 -0.1765541 0.966599 -0.1858048 0 0.002859345 0.189272 0.9819193 0 -0.2915424 0 2.384186E-08 1  
														<Children>: 0
													</Frame>
											</Frame>
									</Frame>
							</Frame>
					</Frame>
					<Frame>: 54 0 RigRLegMid1
						<Transform>: 0.03780399 0.01032745 -0.03460749 40.25048 242.0913 329.447 1 1 1 0.3831291 -0.7292681 0.1567868 0.5447918  
						<TransformMatrix>: -0.112828 -0.3879753 0.9147378 0 -0.7296399 0.65726 0.188772 0 -0.6744594 -0.6461304 -0.3572396 0 0.03780399 0.01032745 -0.03460749 1  
						<Children>: 1
							<Frame>: 55 0 RigRLegMid2
								<Transform>: -0.1033163 0 0 4.610793 56.10627 349.5918 0.9999993 0.9999997 1 -0.007269248 0.4711925 -0.09882256 0.8764467  
								<TransformMatrix>: 0.5364231 -0.1800757 -0.824513 0 0.1663749 0.9803622 -0.1058711 0 0.8273874 -0.08038672 0.5558498 0 -0.1033163 0 0 1  
								<Children>: 1
									<Frame>: 56 0 RigRLegMid3
										<Transform>: -0.4227058 4.768371E-09 0 13.34925 264.5379 13.72715 0.9999991 1.000001 1.000001 -0.01021632 -0.7390555 0.1652301 0.6529868  
										<TransformMatrix>: -0.1470079 0.2308867 0.9618101 0 -0.2006854 0.94519 -0.2575708 0 -0.9685639 -0.2308864 -0.09261498 0 -0.4227058 4.768371E-09 0 1  
										<Children>: 1
											<Frame>: 57 0 RigRLegMid4
												<Transform>: -0.4608809 9.536743E-09 0 2.479716 350.9582 2.074988 1.000002 0.9999985 0.999999 0.02014017 -0.07918174 0.01975141 0.996461  
												<TransformMatrix>: 0.9866825 0.03617364 0.158599 0 -0.04255243 0.9984069 0.03700983 0 -0.1570073 -0.04326565 0.9866483 0 -0.4608809 9.536743E-09 0 1  
												<Children>: 1
													<Frame>: 58 0 RigRLegMidAnkle
														<Transform>: -0.3076034 9.536743E-09 7.629394E-08 85.29293 82.65188 100.7542 0.999994 1.000004 1.000002 0.698576 -0.08212069 0.14017 0.6968501  
														<TransformMatrix>: 0.9472114 0.08061945 0.3102886 0 -0.3100914 -0.01531226 0.9505879 0 0.08138738 -0.9966291 0.01049544 0 -0.3076034 9.536743E-09 7.629394E-08 1  
														<Children>: 0
													</Frame>
											</Frame>
									</Frame>
							</Frame>
					</Frame>
					<Frame>: 59 0 RigSpine
						<Transform>: 0 0 0 -1.064975E-05 1.242896E-05 65.59191 1 1 0.9999999 -1.937403E-08 1.415137E-07 0.5416489 0.8406048  
						<TransformMatrix>: 0.413233 0.9106253 -2.58902E-07 0 -0.9106253 0.413233 1.207296E-07 0 2.169263E-07 1.858732E-07 0.9999999 0 0 0 0 1  
						<Children>: 1
							<Frame>: 60 0 RigButt
								<Transform>: -0.255029 0 -9.094947E-15 -4.391922E-07 -5.903316E-06 353.6794 1 1 1 -9.867963E-10 -5.16491E-08 -0.05512931 0.9984792  
								<TransformMatrix>: 0.9939215 -0.1100909 1.032499E-07 0 0.1100909 0.9939215 3.724167E-09 0 -1.030323E-07 7.66535E-09 1 0 -0.255029 0 -9.094947E-15 1  
								<Children>: 0
							</Frame>
					</Frame>
			</Frame>
			<Frame>: 61 0 RigRibcageGizmo
				<Transform>: -6.255309E-09 0.6024259 -0.02465864 -6.830189E-06 270 235.2382 1 1 1 0.6265315 -0.3278084 -0.6265314 0.3278083  
				<TransformMatrix>: 0 -0.8215292 -0.5701667 0 -1.78814E-07 -0.5701666 0.8215292 0 -0.9999999 1.192093E-07 -1.192093E-07 0 -6.255309E-09 0.6024259 -0.02465864 1  
				<Children>: 0
			</Frame>
			<Frame>: 62 0 RigRLegBackPlatform
				<Transform>: 0.4626125 2.846359E-08 -0.7143071 0 270 270 1 1 1 0.5000001 -0.5000001 -0.5 0.5  
				<TransformMatrix>: 0 -1 0 0 -1.788139E-07 0 1 0 -1 0 -2.384186E-07 0 0.4626125 2.846359E-08 -0.7143071 1  
				<Children>: 0
			</Frame>
			<Frame>: 63 0 RigRLegCtrPlatform
				<Transform>: 0.7572254 2.846358E-08 -0.3772259 0 270 270 1 1 1 0.5000001 -0.5000001 -0.5 0.5  
				<TransformMatrix>: 0 -1 0 0 -1.788139E-07 0 1 0 -1 0 -2.384186E-07 0 0.7572254 2.846358E-08 -0.3772259 1  
				<Children>: 0
			</Frame>
			<Frame>: 64 0 RigRLegFrontPlatform
				<Transform>: 0.553453 2.846359E-08 0.5480049 0 270 270 1 1 1 0.5000001 -0.5000001 -0.5 0.5  
				<TransformMatrix>: 0 -1 0 0 -1.788139E-07 0 1 0 -1 0 -2.384186E-07 0 0.553453 2.846359E-08 0.5480049 1  
				<Children>: 0
			</Frame>
			<Frame>: 65 0 RigRLegMidPlatform
				<Transform>: 0.7921075 2.846358E-08 0.1458228 0 270 270 1 1 1 0.5000001 -0.5000001 -0.5 0.5  
				<TransformMatrix>: 0 -1 0 0 -1.788139E-07 0 1 0 -1 0 -2.384186E-07 0 0.7921075 2.846358E-08 0.1458228 1  
				<Children>: 0
			</Frame>
			<Frame>: 66 0 Spiderling_Venom
				<Transform>: 0 0 0 0 0 0 1 1 1 0 0 0 1  
				<TransformMatrix>: 1 0 0 0 0 1 0 0 0 0 1 0 0 0 0 1  
				<SkinningInfo>: Spiderling_Venom
					<BonesPerVertex>: 4
					<Bounds>: 0.2550955 0.1622376 -0.0009540021 0.6677701 0.7167363 0.9028863
					<BoneNames>: 49 RigHead RigLLegFront1 RigRibcage RigRLegFront1 RigButt RigNeck RigSpine RigLLegBack1 RigRLegBack1 RigRLegMid1 RigRLegCtr1 RigRLegBack2 RigRLegBack3 RigMouthR01 RigRLegFront2 RigMouthR02 RigLLegMid1 RigLLegCtr1 RigLLegBack2 RigLLegBack3 RigLLegFront2 RigMouthL01 RigMouthL02 RigRLegCtr2 RigRLegCtr3 RigRLegCtrAnkle RigRLegCtr4 RigRLegBackAnkle RigRLegBack4 RigRLegMid2 RigRLegMid3 RigRLegMidAnkle RigRLegMid4 RigRLegFront3 RigRLegFrontAnkle RigRLegFront4 RigLLegCtr2 RigLLegCtr3 RigLLegCtr4 RigLLegCtrAnkle RigLLegBack4 RigLLegBackAnkle RigLLegMid2 RigLLegMid3 RigLLegMid4 RigLLegMidAnkle RigLLegFront3 RigLLegFront4 RigLLegFrontAnkle  
					<BoneOffsets>: 49 1.013365E-16 -1.509958E-07 -1 0 0 -1 1.509958E-07 0 -1 -1.110223E-14 -1.309407E-16 0 0.5765984 -0.08897239 1.548131E-06 1 0.7422358 0.3997019 0.537889 0 0.6687146 -0.3894579 -0.6333587 0 -0.04366947 0.8297958 -0.556356 0 0.05000203 -0.4403652 0.3248692 1 -2.49229E-08 -1.58797E-07 -1 0 0.5701667 -0.821529 1.162461E-07 0 -0.821529 -0.5701666 1.110157E-07 0 0.4808508 0.363741 -7.600048E-08 1 -0.7422467 -0.3996993 0.5378758 0 0.6687027 -0.3894722 0.6333628 0 -0.04366698 0.8297902 0.5563645 0 0.05000105 -0.4403622 -0.3248733 1 1.813324E-08 -1.549345E-07 -1 0 -0.4148442 -0.9098924 1.334513E-07 0 -0.9098924 0.4148442 -8.077301E-08 0 0.8118511 -0.1993998 1.283748E-08 1 -1.322373E-05 -6.449398E-06 -1 0 0.9751287 0.2216393 -1.432428E-05 0 0.2216393 -0.9751285 3.358094E-06 0 -0.1575666 0.5819774 -1.676041E-06 1 1.039985E-07 -2.530209E-09 -1 0 -0.5124935 -0.8586912 -5.11259E-08 0 -0.8586912 0.5124936 -9.05993E-08 0 0.5299351 -0.2875653 4.958475E-08 1 0.5376303 -0.3088197 0.7845916 0 -0.7771808 -0.5423913 0.3190637 0 0.3270227 -0.7813076 -0.5316148 0 -0.1093555 0.4802107 0.2925072 1 -0.5376285 0.3088198 0.7845926 0 -0.7771809 -0.5423921 -0.3190618 0 0.3270241 -0.7813076 0.5316144 0 -0.1093563 0.4802105 -0.2925072 1 -0.9147358 -0.1887694 0.3572456 0 0.2544006 -0.9559751 0.1462594 0 0.3139086 0.2246722 0.9224879 0 -0.1554508 -0.08444703 -0.5395305 1 -0.8793681 0.2595446 0.3991842 0 -0.3989206 -0.8593106 -0.3200747 0 0.2599494 -0.4407064 0.8591881 0 -0.08544388 0.2921674 -0.4764214 1 -0.4489855 0.7374996 0.504488 0 -0.6478619 0.1201444 -0.7522213 0 -0.6153719 -0.6645793 0.4238539 0 0.461299 0.2857469 -0.1485034 1 -0.3284215 -0.03235388 0.9439776 0 -0.4898351 -0.8486782 -0.1995066 0 0.8075935 -0.5279118 0.2628765 0 -0.3486709 0.7883984 -0.3693591 1 -0.1729268 -0.02078131 -0.9847154 0 0.9776812 0.1174907 -0.1741711 0 0.1193144 -0.9928564 1.954136E-07 0 0.05910156 0.5594139 0.01995847 1 -0.5697275 -0.6401826 0.5153419 0 0.6092876 0.09179348 0.7876185 0 -0.5515245 0.7627192 0.3377581 0 0.3921648 -0.3542335 -0.1937449 1 0.4699485 0.05647489 -0.8808852 0 0.8745927 0.1051024 0.4733296 0 0.1193144 -0.9928564 1.932755E-07 0 0.04866548 0.5537959 0.1157068 1 0.9147369 0.1887702 0.3572429 0 0.2544011 -0.9559751 -0.1462604 0 0.3139058 0.2246728 -0.9224887 0 -0.1554492 -0.08444733 0.5395309 1 0.8793677 -0.2595469 0.3991841 0 -0.3989225 -0.8593102 0.3200733 0 0.2599489 -0.4407056 -0.8591886 0 -0.08544348 0.2921669 0.4764218 1 0.4489885 -0.7374982 0.5044829 0 -0.6478609 0.1201395 0.7522272 0 -0.6153767 -0.6645716 -0.4238566 0 0.4613017 0.2857436 0.1485038 1 0.3284216 0.03235327 0.9439761 0 -0.4898373 -0.8486809 0.1995088 0 0.8075837 -0.5279219 -0.2628771 0 -0.3486635 0.7884053 0.3693589 1 0.5615954 0.6423991 0.5214728 0 0.6174081 0.09421953 -0.78098 0 -0.5508341 0.7605565 -0.3437089 0 0.3914364 -0.3526961 0.1979771 1 0.1729271 0.02078135 -0.9847153 0 0.977681 0.1174907 0.1741714 0 0.1193144 -0.9928566 -1.926007E-07 0 0.05910102 0.5594139 -0.01995542 1 -0.4699482 -0.05647486 -0.8808854 0 0.8745927 0.1051024 -0.4733294 0 0.1193144 -0.9928566 -2.074086E-07 0 0.04866694 0.5537961 -0.1157041 1 -0.72593 0.5279589 -0.4407775 0 -0.2969547 -0.8186678 -0.4915291 0 -0.6203573 -0.2259247 0.751076 0 0.4609889 0.1369823 -0.2858143 1 -0.5280265 -0.05361206 0.8475322 0 -0.2238749 -0.953917 -0.199819 0 0.8191849 -0.2952529 0.4916898 0 -0.3641016 0.4834916 -0.7226851 1 0.01098041 0.999498 0.02971573 0 -0.1177274 -0.02821864 0.9926448 0 0.9929852 -0.014398 0.1173585 0 -0.09290882 -0.7437381 -0.4022021 1 -0.2192131 -0.3241068 0.9202701 0 -0.0947141 -0.9316933 -0.3506877 0 0.9710678 -0.164039 0.1735411 0 -0.2198559 0.6084825 -0.5895634 1 0.01132814 -0.1553983 0.9877869 0 0.05971906 -0.9859819 -0.1557992 0 0.9981511 0.06075462 -0.001889095 0 -0.1665651 0.7756077 -0.3402924 1 -0.1269586 0.031334 0.9914125 0 -0.1907936 -0.9816032 0.006591821 0 0.9733909 -0.1883165 0.1306012 0 -0.2027636 0.7163344 -0.4748459 1 -0.7512401 -0.3750796 -0.5430959 0 0.1880206 -0.910358 0.3686423 0 -0.6326807 0.1748257 0.7544213 0 0.4320938 -0.03434312 -0.3362409 1 -0.4985108 -0.06388959 0.8645263 0 0.1167329 -0.9931455 -0.006082781 0 0.8589859 0.09788652 0.5025527 0 -0.4569962 -0.1173854 -0.7888575 1 -0.04961228 0.9987304 -0.008726594 0 -0.0004396546 0.008715514 0.999962 0 0.9987683 0.04961422 6.699912E-06 0 -0.07919245 -0.7898603 0.1527715 1 -0.3570784 -0.01059788 0.9340144 0 0.07829573 -0.9967554 0.01862298 0 0.9307885 0.07977903 0.3567494 0 -0.1255173 -0.1465468 -0.7738596 1 -0.3749512 0.09725907 0.9219254 0 0.4170778 -0.870454 0.261453 0 0.8279279 0.4825473 0.2858108 0 -0.3936697 -0.6779474 -0.4510505 1 -0.06849083 0.494263 0.8666101 0 0.01857728 -0.8678674 0.4964483 0 0.9974787 0.05010143 0.05025891 0 -0.07283395 -0.7535902 -0.20991 1 -0.1522009 0.6299435 0.7615803 0 0.1729314 -0.7416998 0.6480553 0 0.9731043 0.2303362 0.003950381 0 -0.2307823 -0.7807356 -0.06345661 1 0.7259302 -0.5279608 -0.4407755 0 -0.2969575 -0.8186681 0.4915278 0 -0.6203561 -0.2259235 -0.7510768 0 0.4609888 0.1369817 0.2858151 1 0.5280274 0.05359097 0.8475366 0 -0.2238755 -0.9539162 0.1997956 0 0.8191887 -0.2952383 -0.4916975 0 -0.3641035 0.4834715 0.7226982 1 0.2192134 0.3240402 0.9202972 0 -0.09471031 -0.9317129 0.3506232 0 0.9710701 -0.1640219 -0.1735548 0 -0.2198587 0.6084363 0.589608 1 -0.01097887 -0.9994972 0.02973824 0 -0.1177271 -0.02824116 -0.9926442 0 0.9929852 -0.01439911 -0.1173579 0 -0.09290878 -0.7437272 0.4022186 1 0.1269644 -0.03132787 0.9914123 0 -0.1908055 -0.9816114 -0.006582178 0 0.9733765 -0.1883333 -0.1306071 0 -0.2027467 0.716351 0.4748439 1 -0.0115313 0.1553949 0.9877851 0 0.05999751 -0.9859635 0.1558087 0 0.9981318 0.06106133 0.002046133 0 -0.1668551 0.7755638 0.3402696 1 0.7512422 0.3750771 -0.5430955 0 0.1880204 -0.9103593 -0.3686384 0 -0.6326807 0.1748238 -0.7544214 0 0.4320942 -0.03434243 0.3362409 1 0.4985186 0.06386828 0.8645229 0 0.1167346 -0.993144 0.006056838 0 0.8589851 0.09790019 -0.5025556 0 -0.4569913 -0.1174054 0.7888564 1 0.3570826 0.01054613 0.9340134 0 0.0782931 -0.9967563 -0.01867778 0 0.9307843 0.07979648 -0.3567505 0 -0.1255146 -0.1465893 0.7738556 1 0.04926884 -0.9987472 -0.00872559 0 -0.0004102847 0.008715964 -0.999962 0 0.9987854 0.04927056 1.965463E-05 0 -0.07946225 -0.7898372 -0.1527734 1 0.3762516 -0.1040511 0.9206556 0 0.4144529 -0.8698137 -0.2676822 0 0.8286519 0.4822848 -0.284144 0 -0.3942381 -0.6827201 0.4435568 1 0.1613045 -0.6294032 0.7601526 0 0.1648566 -0.742232 -0.6495485 0 0.9730387 0.2300909 -0.01596407 0 -0.2302172 -0.7807016 0.0633069 1 0.06849427 -0.4942759 0.8666025 0 0.01857453 -0.8678601 -0.4964612 0 0.9974784 0.05010148 -0.0502625 0 -0.07284927 -0.7535911 0.2098996 1  
