<Hierarchy>:
	<Frame>: 0 0 Polygonal_treasure_chest_monster
		<Transform>: 0 0 0 0 0 0 5 5 5 0 0 0 1  
		<TransformMatrix>: 5 0 0 0 0 5 0 0 0 0 5 0 0 0 0 1  
		<Children>: 20
			<Frame>: 1 0 Rig
				<Transform>: 0 0 0 0 270 270 1 1 1 0.5000001 -0.5000001 -0.5 0.5  
				<TransformMatrix>: 0 -1 0 0 -1.788139E-07 0 1 0 -1 0 -2.384186E-07 0 0 0 0 1  
				<Children>: 0
			</Frame>
			<Frame>: 2 0 RigBottom
				<Transform>: 1.20067E-09 0.2455244 0.02746592 0.005149963 271.0175 269.4485 1 1 1 -0.4979424 0.4931274 0.5068194 -0.5020089  
				<TransformMatrix>: -8.118153E-05 -0.9999539 -0.009625137 0 0.01775756 -0.009625196 0.9997962 0 -0.9998425 -8.98838E-05 0.01775736 0 1.20067E-09 0.2455244 0.02746592 1  
				<Children>: 10
					<Frame>: 3 0 RigCover
						<Transform>: -0.309986 -0.3521809 6.996095E-08 0.07773523 359.8105 287.5168 1 1 1 0.00152448 -0.0009323105 -0.5911897 0.8065306  
						<TransformMatrix>: 0.3009878 -0.953628 -0.0002986402 0 0.9536223 0.3009849 0.003561425 0 -0.003306388 -0.001356735 0.9999936 0 -0.309986 -0.3521809 6.996095E-08 1  
						<Children>: 0
					</Frame>
					<Frame>: 4 0 RigLHandle
						<Transform>: -0.2970478 -7.152557E-09 0.4396894 0.07850616 162.8965 359.9488 1 1 1 -0.0003397448 0.9888817 -0.0007438867 0.1487021  
						<TransformMatrix>: -0.9557751 -0.00089317 -0.2940971 0 -0.0004506999 0.9999987 -0.001572274 0 0.2940981 -0.001370191 -0.9557743 0 -0.2970478 -7.152557E-09 0.4396894 1  
						<Children>: 0
					</Frame>
					<Frame>: 5 0 RigLLegA1
						<Transform>: 0.08540886 0.2176944 0.2943193 291.5375 290.6254 198.0889 1 1 1 -0.3919509 0.5307692 0.7217047 0.2092865  
						<TransformMatrix>: -0.6051474 -0.1139849 -0.7879113 0 -0.7181571 -0.3489665 0.6020573 0 -0.34358 0.9301774 0.1293169 0 0.08540886 0.2176944 0.2943193 1  
						<Children>: 1
							<Frame>: 6 0 RigLLegA2
								<Transform>: -0.1771353 -1.754761E-06 -9.536739E-08 37.28455 342.5804 262.3241 1 1 1 0.3159928 0.1434396 -0.6732644 0.6529078  
								<TransformMatrix>: 0.0522802 -0.7885076 -0.6127991 0 0.9698111 -0.106273 0.2194828 0 -0.2381878 -0.605774 0.7591476 0 -0.1771353 -1.754761E-06 -9.536739E-08 1  
								<Children>: 1
									<Frame>: 7 0 RigLLegAAnkle
										<Transform>: -0.1241216 -1.907349E-08 0 330.5789 8.370713 88.29935 1 0.9999997 0.9999993 -0.1325496 0.2270541 0.6852047 0.6792433  
										<TransformMatrix>: -0.04211819 0.8706496 -0.4900973 0 -0.9910331 0.02585011 0.1310902 0 0.1268026 0.4912236 0.8617535 0 -0.1241216 -1.907349E-08 0 1  
										<Children>: 0
									</Frame>
							</Frame>
					</Frame>
					<Frame>: 8 0 RigLLegB1
						<Transform>: 0.09848387 -0.01796975 0.2628763 348.643 107.8949 20.45188 1 1 1 0.08551736 0.8020687 0.1826938 0.5621349  
						<TransformMatrix>: -0.3533823 0.3425787 -0.8704947 0 -0.06821555 0.9186195 0.3892106 0 0.9329886 0.1969214 -0.3012546 0 0.09848387 -0.01796975 0.2628763 1  
						<Children>: 1
							<Frame>: 9 0 RigLLegB2
								<Transform>: -0.2038565 0 0 356.1049 306.494 357.1176 1.000003 1 0.9999971 -0.01902209 -0.450506 -0.03773947 0.8917726  
								<TransformMatrix>: 0.5912417 -0.05017105 0.8049356 0 0.08444921 0.996428 7.696079E-05 0 -0.8020597 0.06793027 0.5933632 0 -0.2038565 0 0 1  
								<Children>: 1
									<Frame>: 10 0 RigLLegBAnkle
										<Transform>: -0.1575686 9.536743E-09 -1.907349E-08 1.285517 78.2537 354.2778 1.000003 1.000001 0.9999967 -0.02280475 0.6306476 -0.04578927 0.7743817  
										<TransformMatrix>: 0.2003745 -0.09968054 -0.9746383 0 0.04215326 0.9947674 -0.09307301 0 0.9788091 -0.02243455 0.2035264 0 -0.1575686 9.536743E-09 -1.907349E-08 1  
										<Children>: 0
									</Frame>
							</Frame>
					</Frame>
					<Frame>: 11 0 RigLLegC1
						<Transform>: 0.07738405 -0.2079478 0.3026104 19.20047 144.5862 29.66258 0.9999998 0.9999999 0.9999999 0.2894656 0.8950062 -0.07681521 0.3305646  
						<TransformMatrix>: -0.6138734 0.4673622 -0.6361854 0 0.5689318 0.8206181 0.05387398 0 0.547244 -0.3288743 -0.769653 0 0.07738405 -0.2079478 0.3026104 1  
						<Children>: 1
							<Frame>: 12 0 RigLLegC2
								<Transform>: -0.1644082 1.716614E-07 9.53676E-08 7.373573 284.5925 48.90184 0.9999995 1.000001 1.000001 -0.2063048 -0.5766358 0.3626028 0.702459  
								<TransformMatrix>: 0.07202055 0.7473524 0.6605124 0 -0.2715019 0.6519154 -0.7080213 0 -0.9597402 -0.1283383 0.249859 0 -0.1644082 1.716614E-07 9.53676E-08 1  
								<Children>: 1
									<Frame>: 13 0 RigLLegCAnkle
										<Transform>: -0.1747204 1.907349E-08 -1.907349E-08 38.05123 92.12512 338.6628 0.9999999 0.9999987 1.000001 0.09625829 0.7108689 -0.3521256 0.6011717  
										<TransformMatrix>: -0.2586541 -0.2865218 -0.9224984 0 0.5602292 0.7334829 -0.3848943 0 0.7869191 -0.6163663 -0.02920058 0 -0.1747204 1.907349E-08 -1.907349E-08 1  
										<Children>: 0
									</Frame>
							</Frame>
					</Frame>
					<Frame>: 14 0 RigRHandle
						<Transform>: -0.2970479 -7.152557E-09 -0.4396893 358.155 200.9423 357.2152 1 1 1 -0.02096663 0.9829999 0.02024279 -0.1812786  
						<TransformMatrix>: -0.9333971 -0.04855957 0.3555448 0 -0.03388123 0.9983013 0.04739892 0 -0.3572425 0.03219571 -0.9334567 0 -0.2970479 -7.152557E-09 -0.4396893 1  
						<Children>: 0
					</Frame>
					<Frame>: 15 0 RigRLegA1
						<Transform>: 0.08540893 0.2176944 -0.2943193 48.11153 137.0657 261.022 0.9999999 0.9999999 1 -0.5491837 0.6654431 -0.5004949 -0.07132783  
						<TransformMatrix>: -0.3866193 -0.6595025 0.6446564 0 -0.8022994 -0.1041956 -0.5877575 0 0.454798 -0.7444459 -0.4888345 0 0.08540893 0.2176944 -0.2943193 1  
						<Children>: 1
							<Frame>: 16 0 RigRLegA2
								<Transform>: -0.1771353 -1.831055E-06 2.861033E-08 314.1635 15.1259 300.1537 1 1 1 -0.3950427 -0.08750044 -0.4110419 0.8169025  
								<TransformMatrix>: 0.6467765 -0.6024296 0.4677169 0 0.7406953 0.3499717 -0.5734901 0 0.1817996 0.7173554 0.6725699 0 -0.1771353 -1.831055E-06 2.861033E-08 1  
								<Children>: 1
									<Frame>: 17 0 RigRLegAAnkle
										<Transform>: -0.1241215 0 0 15.5777 2.839872 71.89345 1 0.9999998 1 0.124093 -0.05965595 0.5787196 0.8038195  
										<TransformMatrix>: 0.3230496 0.9155665 0.2395354 0 -0.9451777 0.299369 0.1304486 0 0.0477249 -0.2685449 0.9620842 0 -0.1241215 0 0 1  
										<Children>: 0
									</Frame>
							</Frame>
					</Frame>
					<Frame>: 18 0 RigRLegB1
						<Transform>: 0.09848391 -0.01796975 -0.2628764 359.4154 248.1229 352.155 0.9999999 1 0.9999999 0.05381985 -0.8266815 -0.04252959 0.5584733  
						<TransformMatrix>: -0.3704221 -0.136487 0.9187812 0 -0.04148047 0.9905893 0.1304307 0 -0.9279369 0.01020295 -0.3725977 0 0.09848391 -0.01796975 -0.2628764 1  
						<Children>: 1
							<Frame>: 19 0 RigRLegB2
								<Transform>: -0.2038565 4.768371E-09 0 4.063637 56.78837 357.0005 0.9999976 0.9999998 1.000003 0.01874024 0.4758895 -0.03986376 0.8784013  
								<TransformMatrix>: 0.5438789 -0.05219606 -0.837536 0 0.08786931 0.9961191 -0.005018579 0 0.8345522 -0.0708646 0.5463576 0 -0.2038565 4.768371E-09 0 1  
								<Children>: 1
									<Frame>: 20 0 RigRLegBAnkle
										<Transform>: -0.1575685 -4.768371E-09 0 4.906917 280.5621 358.2222 0.9999974 0.9999992 1.000003 0.04282804 -0.6378486 0.0154296 0.7688153  
										<TransformMatrix>: 0.1858217 -0.03091051 0.9820946 0 -0.07836057 0.9958546 0.04617018 0 -0.9794572 -0.08553748 0.1826304 0 -0.1575685 -4.768371E-09 0 1  
										<Children>: 0
									</Frame>
							</Frame>
					</Frame>
					<Frame>: 21 0 RigRLegC1
						<Transform>: 0.07738413 -0.2079478 -0.3026103 354.7477 218.2406 44.11845 0.9999999 0.9999999 1 0.3683827 0.8691112 -0.0827661 -0.3195148  
						<TransformMatrix>: -0.5244091 0.6932211 0.4944085 0 0.5874411 0.7148878 -0.3792733 0 -0.6163669 0.09154153 -0.7821203 0 0.07738413 -0.2079478 -0.3026103 1  
						<Children>: 1
							<Frame>: 22 0 RigRLegC2
								<Transform>: -0.1644081 1.907348E-07 -1.525879E-07 1.971226 66.7638 45.66417 1.000001 0.9999998 0.9999999 0.2267081 0.5014568 0.3152441 0.7731531  
								<TransformMatrix>: 0.2983249 0.7148334 -0.6324697 0 -0.2600951 0.698449 0.6667227 0 0.9183424 -0.0343976 0.394289 0 -0.1644081 1.907348E-07 -1.525879E-07 1  
								<Children>: 1
									<Frame>: 23 0 RigRLegCAnkle
										<Transform>: -0.1747204 2.384418E-09 7.748508E-09 315.2106 282.4861 329.7266 0.9999996 1.000001 0.9999992 -0.1356492 -0.6363013 -0.4184973 0.6337034  
										<TransformMatrix>: -0.1600388 -0.3577787 0.9199898 0 0.7030342 0.612919 0.3606583 0 -0.6929144 0.7045029 0.1534397 0 -0.1747204 2.384418E-09 7.748508E-09 1  
										<Children>: 0
									</Frame>
							</Frame>
					</Frame>
					<Frame>: 24 0 RigTongue1
						<Transform>: -0.007521743 -0.1808348 3.479421E-08 -8.82694E-07 -4.380865E-06 337.011 1 1 1 6.984451E-11 -3.89985E-08 -0.1992744 0.9799438  
						<TransformMatrix>: 0.9205794 -0.3905553 7.640485E-08 0 0.3905553 0.9205794 1.567969E-08 0 -7.646052E-08 1.540592E-08 1 0 -0.007521743 -0.1808348 3.479421E-08 1  
						<Children>: 1
							<Frame>: 25 0 RigTongue2
								<Transform>: -0.1634335 -1.907349E-08 0 2.215748E-06 6.246119E-07 339.7156 1 1 1 1.807406E-08 8.770512E-09 -0.1760919 0.9843737  
								<TransformMatrix>: 0.9379833 -0.3466804 -2.363231E-08 0 0.3466804 0.9379833 3.249443E-08 0 1.090153E-08 -3.867209E-08 1 0 -0.1634335 -1.907349E-08 0 1  
								<Children>: 1
									<Frame>: 26 0 RigTongue3
										<Transform>: -0.1465727 0 -1.862645E-10 359.6009 359.723 337.4969 0.9999999 0.9999999 1 -0.002943973 -0.003050604 -0.1951233 0.9807696  
										<TransformMatrix>: 0.9238351 -0.382724 0.007132755 0 0.38276 0.9238364 -0.004584229 0 -0.004835005 0.006965206 0.9999641 0 -0.1465727 0 -1.862645E-10 1  
										<Children>: 1
											<Frame>: 27 0 RigTongue4
												<Transform>: -0.1483602 0 1.117587E-10 0.8336426 2.385144 343.2819 0.9999999 0.9999999 1 0.004170386 0.02164852 -0.1454908 0.9891139  
												<TransformMatrix>: 0.9567275 -0.2876333 -0.0440392 0 0.2879944 0.95763 0.001950654 0 0.04161219 -0.01454929 0.9990279 0 -0.1483602 0 1.117587E-10 1  
												<Children>: 1
													<Frame>: 28 0 RigTongue5
														<Transform>: -0.1498809 -1.159607E-08 -3.337297E-11 359.846 2.537017 354.5373 0.9999998 0.9999998 1 -0.002397103 0.02204864 -0.04761151 0.9986197  
														<TransformMatrix>: 0.9944938 -0.09519728 -0.04380815 0 0.09498586 0.9954546 -0.006887126 0 0.04426468 0.002688051 0.9990162 0 -0.1498809 -1.159607E-08 -3.337297E-11 1  
														<Children>: 1
															<Frame>: 29 0 RigTongue6
																<Transform>: -0.1535725 -6.358224E-09 3.579039E-09 358.7883 2.164424 317.1922 0.9999998 0.9999998 1 -0.0167352 0.01372526 -0.3646688 0.9308858  
																<TransformMatrix>: 0.7336563 -0.6793892 -0.01334768 0 0.6784705 0.733473 -0.04116746 0 0.03775891 0.02114677 0.9990631 0 -0.1535725 -6.358224E-09 3.579039E-09 1  
																<Children>: 1
																	<Frame>: 30 0 RigTongue7
																		<Transform>: -0.17294 -8.477058E-09 7.0637E-10 358.0909 0.8844135 334.0614 0.9999998 0.9999998 1 -0.01796613 0.003781153 -0.2242657 0.9743551  
																		<TransformMatrix>: 0.899381 -0.4371646 0.0006900023 0 0.4368929 0.898764 -0.03670674 0 0.01542675 0.03331482 0.9993259 0 -0.17294 -8.477058E-09 7.0637E-10 1  
																		<Children>: 0
																	</Frame>
															</Frame>
													</Frame>
											</Frame>
									</Frame>
							</Frame>
					</Frame>
			</Frame>
			<Frame>: 31 0 RigBottomGizmo
				<Transform>: 1.20067E-09 0.2455244 0.02746592 0.005149963 271.0175 269.4485 1 1 1 -0.4979424 0.4931274 0.5068194 -0.5020089  
				<TransformMatrix>: -8.118153E-05 -0.9999539 -0.009625137 0 0.01775756 -0.009625196 0.9997962 0 -0.9998425 -8.98838E-05 0.01775736 0 1.20067E-09 0.2455244 0.02746592 1  
				<Children>: 0
			</Frame>
			<Frame>: 32 0 RigCoverGizmo
				<Transform>: -0.005956263 0.559522 -0.3210922 359.8154 270.8983 196.8611 1 1 1 -0.693792 0.103989 0.7050925 -0.1033604  
				<TransformMatrix>: -0.0159384 -0.2900508 -0.9568785 0 0.00146386 -0.9570059 0.290065 0 -0.9998719 0.003222451 0.01567775 0 -0.005956263 0.559522 -0.3210922 1  
				<Children>: 0
			</Frame>
			<Frame>: 33 0 RigLHandleGizmo
				<Transform>: -0.4395972 0.5425094 0.03833974 17.0957 91.25782 90.65925 1 1 1 0.5757842 0.4230405 0.4170986 0.5617277  
				<TransformMatrix>: 0.2941309 0.9557518 0.005050421 0 0.01856843 -0.01099741 0.9997671 0 0.9555848 -0.2939686 -0.02098155 0 -0.4395972 0.5425094 0.03833974 1  
				<Children>: 0
			</Frame>
			<Frame>: 34 0 RigLLegAPlatform
				<Transform>: -0.6282935 -3.908465E-14 0.3853598 0 257.5138 270 1 1 1 0.5514083 -0.5514083 -0.4426612 0.4426612  
				<TransformMatrix>: 0 -1 0 0 -0.2162043 0 0.9763482 0 -0.9763482 0 -0.2162044 0 -0.6282935 -3.908465E-14 0.3853598 1  
				<Children>: 0
			</Frame>
			<Frame>: 35 0 RigLLegBPlatform
				<Transform>: -0.7316855 -3.644569E-14 -0.1113763 0 262.1816 270 1 1 1 0.5329244 -0.5329244 -0.464749 0.464749  
				<TransformMatrix>: -1.192093E-07 -1 0 0 -0.1360337 -1.192093E-07 0.9907043 0 -0.9907043 0 -0.1360338 0 -0.7316855 -3.644569E-14 -0.1113763 1  
				<Children>: 0
			</Frame>
			<Frame>: 36 0 RigLLegCPlatform
				<Transform>: -0.6149859 -3.426905E-14 -0.3834082 0 280.4089 270 1 1 1 0.4525836 -0.4525836 -0.5432938 0.5432938  
				<TransformMatrix>: 0 -1 0 0 0.1806725 0 0.9835433 0 -0.9835433 0 0.1806725 0 -0.6149859 -3.426905E-14 -0.3834082 1  
				<Children>: 0
			</Frame>
			<Frame>: 37 0 RigRHandleGizmo
				<Transform>: 0.439654 0.5425966 0.02339349 339.0874 88.74782 88.62314 1 1 1 0.3875925 0.5827224 0.5818499 0.4143156  
				<TransformMatrix>: -0.3562293 0.9338565 -0.03182065 0 -0.03042135 0.02244556 0.9992851 0 0.9339032 0.3569427 0.0204134 0 0.439654 0.5425966 0.02339349 1  
				<Children>: 0
			</Frame>
			<Frame>: 38 0 RigRLegAPlatform
				<Transform>: 0.58983 -1.590787E-09 0.5406923 0 270 270 1 1 1 0.5 -0.5 -0.5 0.5  
				<TransformMatrix>: 0 -1 0 0 0 0 1 0 -1 0 0 0 0.58983 -1.590787E-09 0.5406923 1  
				<Children>: 0
			</Frame>
			<Frame>: 39 0 RigRLegBPlatform
				<Transform>: 0.7363452 -7.610428E-14 0.0980265 0 256.3904 270 1 1 1 0.5557212 -0.5557212 -0.4372344 0.4372344  
				<TransformMatrix>: 0 -1 0 0 -0.2353043 0 0.9719218 0 -0.9719218 0 -0.2353044 0 0.7363452 -7.610428E-14 0.0980265 1  
				<Children>: 0
			</Frame>
			<Frame>: 40 0 RigRLegCPlatform
				<Transform>: 0.5397564 2.337096E-09 -0.496991 0 270 270 1 1 1 0.5 -0.5 -0.5 0.5  
				<TransformMatrix>: 0 -1 0 0 0 0 1 0 -1 0 0 0 0.5397564 2.337096E-09 -0.496991 1  
				<Children>: 0
			</Frame>
			<Frame>: 41 0 RigTongue1Gizmo
				<Transform>: -0.003072856 0.2551159 -0.1532448 0.005175576 271.0175 246.456 1 1 1 -0.5862348 0.3839921 0.5967037 -0.3909265  
				<TransformMatrix>: -0.007010579 -0.9167536 -0.3993916 0 0.01631543 -0.3994532 0.9166085 0 -0.9998423 -9.033084E-05 0.01775753 0 -0.003072856 0.2551159 -0.1532448 1  
				<Children>: 0
			</Frame>
			<Frame>: 42 0 RigTongue2Gizmo
				<Transform>: -0.001973601 0.4048288 -0.08770596 0.005172161 271.0175 226.1716 1 1 1 -0.644692 0.2747608 0.6562184 -0.2797432  
				<TransformMatrix>: -0.01223218 -0.7214174 -0.6923926 0 0.01287314 -0.6925008 0.7213026 0 -0.9998424 -9.027123E-05 0.01775748 0 -0.001973601 0.4048288 -0.08770596 1  
				<Children>: 0
			</Frame>
			<Frame>: 43 0 RigTongue3Gizmo
				<Transform>: -0.0002557202 0.5103897 0.01396742 0.05858767 271.3012 203.3745 0.9999999 0.9999999 1 -0.6846138 0.1412443 0.7001925 -0.1452052  
				<TransformMatrix>: -0.02043903 -0.3967387 -0.917704 0 0.009947582 -0.917931 0.3966153 0 -0.9997417 -0.001022547 0.02270812 0 -0.0002557202 0.5103897 0.01396742 1  
				<Children>: 0
			</Frame>
			<Frame>: 44 0 RigTongue4Gizmo
				<Transform>: 0.002776596 0.5692499 0.1501181 0.2063545 268.6284 186.4434 0.9999999 0.9999999 1 0.7144586 -0.03895598 -0.6974146 0.04054713  
				<TransformMatrix>: 0.02419054 -0.1122212 -0.9933887 0 0.0008914582 -0.9936766 0.1122754 0 -0.9997069 -0.003601559 -0.02393746 0 0.002776596 0.5692499 0.1501181 1  
				<Children>: 0
			</Frame>
			<Frame>: 45 0 RigTongue5Gizmo
				<Transform>: -0.0008490994 0.5860697 0.299008 0.602411 265.9713 180.778 0.9999999 0.9999999 1 0.7315222 -0.001381959 -0.6817636 0.008474248  
				<TransformMatrix>: 0.07039284 -0.01357673 -0.9974269 0 0.009532999 -0.9998527 0.01428254 0 -0.9974739 -0.01051386 -0.07025325 0 -0.0008490994 0.5860697 0.299008 1  
				<Children>: 0
			</Frame>
			<Frame>: 46 0 RigTongue6Gizmo
				<Transform>: -0.01165953 0.5881547 0.4521853 1.842968 263.8228 137.9472 0.9999999 0.9999999 1 0.6906832 0.2770023 -0.6277172 -0.2284679  
				<TransformMatrix>: 0.05848169 0.6694681 -0.7405351 0 0.09581514 -0.7421443 -0.6633561 0 -0.9936798 -0.03216031 -0.107547 0 -0.01165953 0.5881547 0.4521853 1  
				<Children>: 0
			</Frame>
			<Frame>: 47 0 RigTongue7Gizmo
				<Transform>: -0.02177338 0.4723769 0.5802535 2.66724 261.8855 111.9472 0.9999999 0.9999999 1 0.617327 0.4352086 -0.5527939 -0.3520225  
				<TransformMatrix>: 0.01002473 0.9265237 -0.3761026 0 0.1481403 -0.3733473 -0.9157872 0 -0.9889156 -0.04653531 -0.1409984 0 -0.02177338 0.4723769 0.5802535 1  
				<Children>: 0
			</Frame>
			<Frame>: 48 0 Treasure_Chest_Monster
				<Transform>: 0 0.5 -0.5 0 0 0 0.7 0.7 0.7 0 0 0 1  
				<TransformMatrix>: 0.7 0 0 0 0 0.7 0 0 0 0 0.7 0 0 0.5 -0.5 1  
				<SkinningInfo>: Treasure_Chest_Monster
					<BonesPerVertex>: 4
					<Bounds>: 0 0 0 0.5 0.5 0.5
					<BoneNames>: 29 RigBottom RigRLegB1 RigRLegA1 RigRLegC1 RigRLegC2 RigLLegC1 RigLLegC2 RigLLegA1 RigLLegB1 RigTongue7 RigTongue6 RigTongue5 RigTongue4 RigTongue3 RigTongue1 RigTongue2 RigRHandle RigLHandle RigRLegAAnkle RigRLegA2 RigRLegCAnkle RigRLegBAnkle RigRLegB2 RigLLegAAnkle RigLLegA2 RigLLegCAnkle RigLLegBAnkle RigLLegB2 RigCover  
					<BoneOffsets>: 29 6.123234E-17 -1.509958E-07 -1 0 -6.123234E-17 -1 1.509958E-07 0 -1 6.123233E-17 -6.123235E-17 0 0.06477773 3.228314E-07 7.144928E-05 1 -0.9302415 0.01392025 0.3666842 0 0.005032356 -0.9987023 0.05067981 0 0.3669138 0.04898974 0.9289644 0 0.2568818 0.01593766 -0.06601767 1 -0.6715208 0.6527367 0.3507066 0 0.5305788 0.09318438 0.8424979 0 0.5172491 0.7518322 -0.4089033 0 0.3238649 -0.1563628 0.07172599 1 -0.6334006 0.1707886 0.7547416 0 -0.5539109 -0.7811428 -0.2880948 0 0.5403577 -0.6005391 0.5893779 0 0.3137156 0.103172 -0.1611079 1 -0.5025377 0.7987822 -0.330761 0 -0.5062776 -0.582016 -0.6363493 0 -0.7008108 -0.1523328 0.6968917 0 0.2847319 -0.1663807 0.3955345 1 0.6336104 -0.1704605 0.7546398 0 -0.5536842 -0.7811804 0.2884283 0 0.5403443 -0.6005831 -0.5893456 0 0.3136412 0.103303 0.1609003 1 0.5023408 -0.7986779 -0.3313107 0 -0.5064926 -0.5823429 0.6358785 0 -0.7008004 -0.1516211 -0.6970581 0 0.2846454 -0.1661031 -0.395573 1 0.6716602 -0.6526902 0.350525 0 0.5304288 0.09334347 -0.8425745 0 0.5172212 0.7518523 0.4089008 0 0.3237767 -0.1562209 -0.07184618 1 0.9302402 -0.01392259 0.3666865 0 0.005030481 -0.9987023 -0.0506811 0 0.3669162 0.04899022 -0.9289629 0 0.2567486 0.01593912 0.06596602 1 5.934889E-17 -2.384074E-07 -1 0 0 1 -2.384073E-07 0 1 0 6.030742E-17 0 -0.2284708 0.5145932 7.134908E-05 1 -2.354028E-08 -2.311873E-07 -1 0 0.5393093 0.842108 -2.073801E-07 0 0.842108 -0.5393093 1.04858E-07 0 -0.08781217 0.5565594 7.134109E-05 1 -4.331017E-08 -2.006192E-07 -1 0 0.9908131 0.1352386 -7.004374E-08 0 0.1352386 -0.9908131 1.929188E-07 0 0.2132885 0.4276475 7.136601E-05 1 -4.36757E-08 -1.929669E-07 -1 0 0.9992075 -0.03980416 -3.59602E-08 0 -0.03980416 -0.9992076 1.945524E-07 0 0.1347869 0.3838471 7.137455E-05 1 -4.004995E-08 -1.771948E-07 -1 0 0.9162421 -0.4006249 3.42932E-08 0 -0.4006249 -0.9162421 1.783984E-07 0 0.1168465 0.3084987 7.138922E-05 1 -1.70718E-08 -1.544674E-07 -1 0 0.3905551 -0.9205795 1.355321E-07 0 -0.9205795 -0.3905551 7.6044E-08 0 -0.004068688 0.19471 7.141137E-05 1 -2.996345E-08 -1.628814E-07 -1 0 0.685481 -0.7280905 9.805299E-08 0 -0.7280905 -0.685481 1.334682E-07 0 0.08197936 0.2378834 7.140296E-05 1 -0.2588191 1.993314E-07 0.9659258 0 -2.488541E-07 -1 1.396828E-07 0 0.9659258 -2.04222E-07 0.2588191 0 -0.2356782 2.960709E-07 -0.5184237 1 0.2588191 -5.013223E-07 0.9659258 0 -3.270152E-07 -1 -4.313835E-07 0 0.9659258 -2.042221E-07 -0.2588191 0 -0.2357151 2.961213E-07 0.5182856 1 -0.5421177 0.4371136 0.7176629 0 0.4714822 -0.548721 0.6903692 0 0.6955665 0.7126267 0.09137999 0 0.4656741 -0.394708 -0.07261795 1 -0.5136738 -0.6729462 0.5322431 0 0.5988488 0.1630358 0.7840917 0 -0.6144263 0.7215002 0.3192458 0 0.3299973 0.4099625 0.06022452 1 -0.4069588 0.2595207 0.8758044 0 -0.3697396 -0.9235353 0.101858 0 0.8352707 -0.2823675 0.471796 0 0.3270136 0.2354101 -0.4825672 1 -0.7210638 0.07772984 0.6884949 0 0.04346425 -0.9866555 0.156912 0 0.6915041 0.1430684 0.7080632 0 0.4296893 -0.02794744 -0.390266 1 -0.8131022 -0.06981564 -0.5779214 0 0.01242233 -0.9946373 0.1026786 0 -0.5819952 0.07630913 0.8096023 0 0.3046374 0.05673052 0.347663 1 0.5421181 -0.4371143 0.7176623 0 0.4714819 -0.5487205 -0.6903698 0 0.6955666 0.7126268 -0.09137985 0 0.4655967 -0.3946456 0.07251485 1 0.5134737 0.6732402 0.5320637 0 0.5990618 0.1626979 -0.7839986 0 -0.6143854 0.7213018 -0.3197715 0 0.3299121 0.409869 -0.06036899 1 0.4069591 -0.2595217 0.8758042 0 -0.3697399 -0.923535 -0.1018588 0 0.8352705 -0.2823674 -0.4717964 0 0.3269556 0.2354465 0.4824417 1 0.7208244 -0.07775754 0.6887423 0 0.04348019 -0.9866572 -0.156897 0 0.6917526 0.1430419 -0.7078257 0 0.4294522 -0.02795273 0.3903158 1 0.8130974 0.06981073 -0.5779244 0 0.01242391 -0.9946375 -0.1026691 0 -0.581988 0.07629988 -0.8096116 0 0.3045194 0.05671779 -0.3475831 1 6.123234E-17 -1.509958E-07 -1 0 -6.123234E-17 -1 1.509958E-07 0 -1 6.123233E-17 -6.123235E-17 0 0.3747639 0.3521816 7.13807E-05 1  
